experiments:

  - test: test_0
    start:
      object_xyz_wxyz: 2.004921 4.994468 0.883000 -0.968863 -0.011922 -0.242688 0.047597
      base_xyzyaw: 1.340000 5.140000 0.200000 5.890486
      rarm: 0.350313 -0.064721 -2.889553 -0.555194 -1.701419 -0.181672 -1.628658
      larm: 0.038946 1.214670 1.396356 -1.197227 -4.616317 -0.988727 1.175568
    goal:
      object_xyz_wxyz: 6.907757 4.030183 1.103000 -0.968863 -0.011922 -0.242688 0.047597
      base_xyzyaw: 6.260000 4.000000 0.180000 0.392699
      rarm: -0.425350 0.133315 -0.914490 -1.273997 -2.018720 -1.754624 -2.968047
      larm: 0.038946 1.214670 1.396356 -1.197227 -4.616317 -0.988727 1.175568
