experiments:

  - test: test_0
    start:
      object_xyz_wxyz: 5.945257 3.173966 0.883000 -0.799340 -0.058389 -0.078728 0.592831
      base_xyzyaw: 5.520000 3.480000 0.240000 5.890486
      rarm: -0.453939 0.639970 -1.271332 -1.586026 2.616095 -1.867185 -1.773365
      larm: 0.038946 1.214670 1.396356 -1.197227 -4.616317 -0.988727 1.175568
    goal:
      object_xyz_wxyz: 6.874802 1.624335 1.083000 -0.799340 -0.058389 -0.078728 0.592831
      base_xyzyaw: 6.740000 0.800000 0.160000 1.963495
      rarm: -0.341272 -0.021705 -0.159881 -0.336936 -1.782676 -1.187914 2.050251
      larm: 0.038946 1.214670 1.396356 -1.197227 -4.616317 -0.988727 1.175568


