experiments:

  - test: test_0
    start:
      object_xyz_wxyz: 7.520000 0.750000 1.023000 -0.457270 -0.214289 -0.114540 0.855491
      base_xyzyaw: 7.900000 1.120000 0.240000 4.712389
      rarm: -0.383669 0.917715 0.075630 -2.109045 2.990981 -1.678358 -3.129889
      larm: 0.038946 1.214670 1.396356 -1.197227 -4.616317 -0.988727 1.175568
    goal:
      object_xyz_wxyz: 6.870000 1.460000 1.123000 -0.457270 -0.214289 -0.114540 0.855491
      base_xyzyaw: 7.580000 1.140000 0.160000 3.141593
      rarm: -0.258527 0.006985 -0.384790 -0.586495 2.715524 -1.753727 -2.112241
      larm: 0.038946 1.214670 1.396356 -1.197227 -4.616317 -0.988727 1.175568
