experiments:

  - test: test_0
    start:
      object_xyz_wxyz: 7.048976 0.568119 1.102000 1.000000 -0.000000 0.000000 -0.000000
      base_xyzyaw: 6.472971 0.757439 0.300000 0.000000
      rarm: -0.002109 0.655300 0.000000 -1.517650 -3.138816 -0.862352 3.139786
      larm: 0.200000 1.400000 1.900000 -0.400000 -0.100000 -1.000000 0.000000
    goal:
      object_xyz_wxyz: 3.903417 0.757673 1.102000 1.000000 -0.000000 0.000000 -0.000000
      base_xyzyaw: 3.327413 0.946993 0.300000 0.000000
      rarm: -0.002109 0.655300 0.000000 -1.517650 -3.138816 -0.862352 3.139786
      larm: 0.200000 1.400000 1.900000 -0.400000 -0.100000 -1.000000 0.000000

