experiments:

  - test: test_0
    start:
      object_xyz_wxyz: 8.556975 4.955613 1.243000 -0.848445 -0.075435 -0.508538 0.125855
      base_xyzyaw: 8.080000 4.980000 0.220000 5.890486
      rarm: 0.127347 -0.184525 -1.122410 -1.341241 -1.999874 -1.924056 -1.920690
      larm: 0.038946 1.214670 1.396356 -1.197227 -4.616317 -0.988727 1.175568
    goal:
      object_xyz_wxyz: 6.925822 1.233518 1.003000 -0.848445 -0.075435 -0.508538 0.125855
      base_xyzyaw: 7.640000 1.580000 0.180000 3.926991
      rarm: -0.118024 0.165961 -0.165579 -0.443459 -1.562230 -1.048331 1.885406
      larm: 0.038946 1.214670 1.396356 -1.197227 -4.616317 -0.988727 1.175568
