experiments:

  - test: test_0
    start:
      object_xyz_wxyz: 3.863999 4.875257 0.738453 0.335387 -0.292100 0.319762 0.836627
      base_xyzyaw: 3.870630 4.384284 0.300000 2.197969
      rarm: -0.857317 1.291500 -1.060000 -1.498799 -2.722994 -0.861716 -2.891529
      larm: 0.038946 1.214670 1.396356 -1.197227 -4.616317 -0.988727 1.175568
    goal:
      object_xyz_wxyz: 7.113762 1.629839 1.255038 0.292768 0.209380 -0.298830 0.883826
      base_xyzyaw: 7.613261 1.325514 0.300000 2.501843
      rarm: 0.435916 0.258383 0.160000 -1.196848 2.760413 -1.119961 -2.339226
      larm: 0.038946 1.214670 1.396356 -1.197227 -4.616317 -0.988727 1.175568

