experiments:

  - test: test_0
    start:
      object_xyz_wxyz: 1.740941 3.430629 1.383000 -0.769288 -0.062181 -0.075768 0.631339
      base_xyzyaw: 1.440000 3.880000 0.260000 5.890486
      rarm: -0.379996 -0.023909 -0.256765 -1.529009 2.608315 -1.890682 -2.908007
      larm: 0.038946 1.214670 1.396356 -1.197227 -4.616317 -0.988727 1.175568
    goal:
      object_xyz_wxyz: 6.676324 1.616681 1.143000 -0.769288 -0.062181 -0.075768 0.631339
      base_xyzyaw: 6.560000 0.800000 0.280000 1.963495
      rarm: -0.346142 -0.308731 -2.889232 -0.516855 -0.332276 -1.095078 -2.841809
      larm: 0.038946 1.214670 1.396356 -1.197227 -4.616317 -0.988727 1.175568
