experiments:

  - test: test_0
    start:
      object_xyz_wxyz: 4.430917 0.685028 1.102000 1.000000 -0.000000 0.000000 -0.000000
      base_xyzyaw: 3.854912 0.874348 0.300000 0.000000
      rarm: -0.002109 0.655300 0.000000 -1.517650 -3.138816 -0.862352 3.139786
      larm: 0.038946 1.214670 1.396356 -1.197227 -4.616317 -0.988727 1.175568
    goal:
      object_xyz_wxyz: 6.824317 0.776960 1.102000 1.000000 -0.000000 0.000000 -0.000000
      base_xyzyaw: 6.248312 0.966280 0.300000 0.000000
      rarm: -0.002109 0.655300 0.000000 -1.517650 -3.138816 -0.862352 3.139786
      larm: 0.038946 1.214670 1.396356 -1.197227 -4.616317 -0.988727 1.175568

