experiments:

  - test: test_0
    start:
      object_xyz_wxyz: 3.592096 1.008076 0.803000 -0.000000 -0.098017 0.000000 0.995185
      base_xyzyaw: 4.080000 1.100000 0.120000 3.926991
      rarm: -0.522678 1.090299 -0.540116 -2.002624 2.475810 -1.359866 -2.506444
      larm: 0.038946 1.214670 1.396356 -1.197227 -4.616317 -0.988727 1.175568
    goal:
      object_xyz_wxyz: 6.879795 4.043226 1.183000 -0.000000 -0.098017 0.000000 0.995185
      base_xyzyaw: 6.440000 4.680000 0.180000 5.890486
      rarm: -0.613692 -0.262218 -1.403231 -0.740178 -1.585703 -1.590012 -2.897765
      larm: 0.038946 1.214670 1.396356 -1.197227 -4.616317 -0.988727 1.175568


