experiments:

  - test: test_0
    start:
      object_xyz_wxyz: 6.411479 3.994590 1.102000 0.905243 -0.420386 0.025997 -0.055981
      base_xyzyaw: 5.948816 4.169838 0.300000 0.000000
      rarm: -0.355487 0.676239 -0.680000 -1.909352 2.923423 -1.233449 2.870054
      larm: 0.038946 1.214670 1.396356 -1.197227 -4.616317 -0.988727 1.175568
    goal:
      object_xyz_wxyz: 7.202472 1.064968 1.160691 0.713675 -0.000000 0.000000 0.700477
      base_xyzyaw: 7.034807 0.424166 0.300000 1.552132
      rarm: 0.046555 0.425266 0.000000 -1.196380 3.074844 -0.772228 -3.093742
      larm: 0.038946 1.214670 1.396356 -1.197227 -4.616317 -0.988727 1.175568

