experiments:

  - test: test_0
    start:
      object_xyz_wxyz: 6.392611 4.100104 1.313392 0.924683 0.075276 0.268374 -0.259365
      base_xyzyaw: 5.873085 4.638088 0.300000 -0.546925
      rarm: 0.011577 -0.121564 0.080000 -0.412115 -3.125446 -1.011953 -2.928119
      larm: 0.038946 1.214670 1.396356 -1.197227 -4.616317 -0.988727 1.175568
    goal:
      object_xyz_wxyz: 6.463528 1.602920 1.080867 0.739078 -0.600951 0.298790 -0.057843
      base_xyzyaw: 5.875690 1.369397 0.300000 0.790061
      rarm: -0.103256 0.682737 0.000000 -1.487052 2.209585 -0.555858 2.329601
      larm: 0.038946 1.214670 1.396356 -1.197227 -4.616317 -0.988727 1.175568

  - test: test_1
    start:
      object_xyz_wxyz: 2.179618 2.996123 1.194892 0.955457 0.171781 -0.219505 -0.097006
      base_xyzyaw: 1.626305 3.128220 0.300000 -0.202362
      rarm: 0.307454 0.444073 0.080000 -1.418878 2.596725 -0.602906 -2.476990
      larm: 0.038946 1.214670 1.396356 -1.197227 -4.616317 -0.988727 1.175568
    goal:
      object_xyz_wxyz: 8.140925 2.179767 1.127252 0.243431 -0.357761 -0.848613 0.304311
      base_xyzyaw: 7.672766 1.639430 0.300000 1.195487
      rarm: -0.068240 0.417984 0.000000 -1.042227 -1.664230 -1.104026 -0.186637
      larm: 0.038946 1.214670 1.396356 -1.197227 -4.616317 -0.988727 1.175568

