experiments:

  - test: test_0
    start:
      object_xyz_wxyz: 8.010000 4.680000 0.563000 0.735698 0.264302 0.440961 -0.440961
      base_xyzyaw: 7.420000 4.900000 0.220000 0.000000
      rarm: -0.214132 0.714209 -1.561157 -0.332363 -2.490487 -0.868915 -1.438792
      larm: 0.038946 1.214670 1.396356 -1.197227 -4.616317 -0.988727 1.175568
    goal:
      object_xyz_wxyz: 6.933956 3.812235 1.103000 0.735698 0.264302 0.440961 -0.440961
      base_xyzyaw: 6.600000 4.600000 0.120000 5.890486
      rarm: -0.729716 -0.323917 -1.873656 -0.448677 -1.578309 -1.316214 -2.338844
      larm: 0.038946 1.214670 1.396356 -1.197227 -4.616317 -0.988727 1.175568
