experiments:

  - test: test_0
    start:
      object_xyz_wxyz: 3.699253 2.358950 0.603000 0.391952 -0.489969 0.261894 0.733291
      base_xyzyaw: 4.300000 1.980000 0.280000 3.534292
      rarm: -0.956701 0.827009 -1.359177 -0.498604 -2.668587 -0.801619 -1.806818
      larm: 0.038946 1.214670 1.396356 -1.197227 -4.616317 -0.988727 1.175568
    goal:
      object_xyz_wxyz: 7.374301 3.114242 1.023000 0.391952 -0.489969 0.261894 0.733291
      base_xyzyaw: 7.920000 3.700000 0.280000 4.319690
      rarm: -0.058208 0.242745 0.387579 -0.382694 2.133963 -0.893888 -2.361234
      larm: 0.038946 1.214670 1.396356 -1.197227 -4.616317 -0.988727 1.175568


