experiments:

  - test: test_0
    start:
      object_xyz_wxyz: 3.745191 3.059805 0.823000 0.143911 0.192979 0.028626 -0.970170
      base_xyzyaw: 4.020000 3.520000 0.080000 3.534292
      rarm: 0.389530 0.164294 -1.471596 -1.121088 -2.940162 -1.603317 -1.575615
      larm: 0.038946 1.214670 1.396356 -1.197227 -4.616317 -0.988727 1.175568
    goal:
      object_xyz_wxyz: 6.994939 1.639031 1.123000 0.143911 0.192979 0.028626 -0.970170
      base_xyzyaw: 7.200000 0.840000 0.280000 2.356194
      rarm: -0.491336 -0.102119 -1.759938 -0.510386 -0.102809 -1.186474 1.691042
      larm: 0.038946 1.214670 1.396356 -1.197227 -4.616317 -0.988727 1.175568

